0.00 0.00
0.20 0.10
0.40 0.20
0.60 0.29
0.80 0.38
1.00 0.47
1.20 0.55
1.40 0.63
1.60 0.71
1.80 0.78
2.00 0.85
2.20 0.92
2.40 0.99
2.60 1.05
2.80 1.12
3.00 1.18
3.20 1.23
3.40 1.29
3.60 1.34
3.80 1.40
4.00 1.45
4.20 1.49
4.40 1.54
4.60 1.58
4.80 1.63
5.00 1.67
5.20 1.71
5.40 1.75
5.60 1.78
5.80 1.82
6.00 1.85
6.20 1.89
6.40 1.92
6.60 1.95
6.80 1.98
7.00 2.01
7.20 2.04
7.40 2.06
7.60 2.09
7.80 2.11
8.00 2.14
8.20 2.16
8.40 2.18
8.60 2.21
8.80 2.23
9.00 2.25
9.20 2.27
9.40 2.28
9.60 2.30
9.80 2.32
10.00 2.34
